#USM00072469 1948 10 16 03 9999    7    504-99999-99999-99999-99999-99999 73672  1036 68427  1612-99999-99999-99999-99999     8-99999-99999-99999-99999-99999
  83700    1655    1655    2815     -80    2961      20    2820    2967    4285   10987     390  -99999     -77     -20     110       0      17     251
  70000    3090    3097    2700     -49    2989      56    2701    2991    1357    4845     280  -99999      19     138      23      24       4     208
  50000    5710    5685    2572     -76    3135      27    2573    3136     583    1767     330  -99999    -116     197      18      35       3     154
  40000    7350    7349    2448     -77    3180      29    2448    3181      83     594     140  -99999  -99999     227      84      40      15     127
  30000    9340    9346    2295     -60    3237      55  -99999  -99999  -99999     129  -99999  -99999  -99999     394       8      69       2  -99999
  25000   10540   10545    2223     -16    3303     126  -99999  -99999  -99999      58  -99999  -99999  -99999     404  -99999      71  -99999  -99999
  20000   11980   11984    2200  -99999    3484  -99999  -99999  -99999  -99999      44  -99999  -99999  -99999  -99999  -99999  -99999  -99999  -99999
#USM00072469 1948 10 16 09 9999    8   1023-99999-99999-99999-99999-99999 75548   876 75122   916-99999-99999-99999-99999     7-99999-99999-99999-99999-99999
  84200    1655    1655    2790     -66    2930      35    2796    2937    5461    9256     590  -99999     191     -47      49      17      18     260
  70000    3120    3137    2693     -50    2982      54    2698    2988    4000    4598     870  -99999    -131      25      66      43      -3     222
  50000    5720    5707    2562     -73    3123      30    2563    3125     861    1625     530  -99999    -183     197      48      35       9     156
  40000    7360    7354    2442     -77    3173      28    2442    3173     129     562     230  -99999  -99999     276      10      49       2     128
  30000    9340    9351    2289     -48    3229      71  -99999  -99999  -99999     121  -99999  -99999  -99999     295      17      52       3  -99999
  25000   10550   10546    2231     -29    3315     106  -99999  -99999  -99999      63  -99999  -99999  -99999     315     -27      56      -5  -99999
  20000   11990   11993    2189     -26    3467     117  -99999  -99999  -99999      39  -99999  -99999  -99999     276  -99999      49  -99999  -99999
  15000   13830   13813    2142  -99999    3683  -99999  -99999  -99999  -99999      22  -99999  -99999  -99999  -99999  -99999  -99999  -99999  -99999
#USM00072469 1948 10 17 09 9999    8    518-99999-99999-99999-99999-99999-99999-99999 80314   444-99999-99999-99999-99999    15    15     4    29-99999-99999
  85000    1655    1655    2699     -45    2827      58    2703    2831    3656    4811     760  -99999     -86       0      46       0     -27     263
  70000    3160    3169    2632     -37    2914      70    2634    2917    1811    2875     630  -99999    -188      69      45     -40     -45     216
  50000    5720    5705    2538     -77    3094      26    2538    3094     199    1326     150  -99999      19     184    -114    -154    -115     154
  40000    7340    7337    2414     -59    3136      52    2414    3136      78     431     180  -99999  -99999       0     104    -340     153     129
  30000    9330    9322    2296     -57    3239      60  -99999  -99999  -99999     130  -99999  -99999  -99999     207     -49     -36       8  -99999
  25000   10530   10537    2228     -51    3311      71  -99999  -99999  -99999      61  -99999  -99999  -99999     148      48     -26      -8  -99999
  20000   11960   11961    2155      -3    3413     155  -99999  -99999  -99999      26  -99999  -99999  -99999     217     -26     -38     -13  -99999
  15000   13774   13771    2149  -99999    3695  -99999  -99999  -99999  -99999      24  -99999  -99999  -99999     169  -99999     -62  -99999  -99999
#USM00072469 1948 10 17 21 9999    8    483-99999-99999-99999-99999-99999 64195  2252 65996  2006-99999-99999-99999-99999     9-99999-99999-99999-99999-99999
  84600    1655    1655    2860     -55    3000      46    2866    3006    4747   14834     320  -99999    -122       0     -24       0       9     251
  70000    3210    3217    2775     -62    3072      42    2776    3074    1083    8333     130  -99999      15     -38     -54      14      34     201
  50000    5870    5861    2611     -69    3183      36    2611    3184     413    2430     170  -99999      12    -182      16     105      -9     151
  40000    7540    7537    2496     -77    3243      29    2496    3243     175     919     190  -99999      10    -156       4      90      -2     125
  30000    9570    9575    2340     -70    3301      39    2340    3301      43     207     210  -99999  -99999    -147     -57      85      33     100
  25000   10800   10795    2254     -67    3349      47  -99999  -99999  -99999      82  -99999  -99999  -99999    -217      42     125     -24  -99999
  20000   12240   12240    2157     -36    3416     103  -99999  -99999  -99999      26  -99999  -99999  -99999    -156      15      90      -8  -99999
  15000   14010   14029    2093  -99999    3599  -99999  -99999  -99999  -99999      12  -99999  -99999  -99999    -130  -99999      75  -99999  -99999
#USM00072469 1948 10 18 09 9999    5 -99999 70000  1525    43 50061  4165 63933  2255 78543   531-99999-99999-99999-99999    20-99999-99999-99999-99999-99999
  84000    1655    1655    2732      28    2871     132    2737    2877    4478    6134     730  -99999  -99999       0      13      80     -75     261
  70000    3180    3124    2775     -59    3072      45  -99999  -99999  -99999    8333  -99999  -99999  -99999      20      32     -35      -9  -99999
  50000    5830    5835    2619     -78    3192      24    2619    3193     337    2591     130  -99999      60     104      44     -60      17     150
  40000    7500    7497    2488     -76    3232      29    2488    3233     197     855     230  -99999      -5     177  -99999     -31  -99999     126
  30000    9530    9529    2333  -99999    3291  -99999    2333    3291      42     192     220  -99999  -99999  -99999  -99999  -99999  -99999     100
#USM00072469 1948 10 18 15 9999    8 -99999-99999-99999-99999-99999-99999 67543  1772 67232  1835-99999-99999-99999-99999     3-99999-99999-99999-99999-99999
  84400    1655    1655    2849     -64    2990      40    2855    2996    4829   13798     350  -99999    -141       0       4      20     -19     252
  70000    3140    3188    2754     -77    3049      24    2755    3051    1006    7183     140  -99999  -99999       6      22      -8     -26     202
  50000    5760    5752    2553     -91    3112       9  -99999  -99999  -99999    1506  -99999  -99999  -99999      64      46     -77      -2  -99999
  40000    7380    7379    2406     -45    3126      71    2406    3126      64     399     160  -99999  -99999     139     -23     -80      23     129
  30000    9370    9368    2317     -73    3268      36  -99999  -99999  -99999     163  -99999  -99999  -99999      94      30     -34      28  -99999
  25000   10580   10583    2229     -54    3312      67  -99999  -99999  -99999      62  -99999  -99999  -99999     130     -22       0     -12  -99999
  20000   12010   12010    2152     -35    3408     104  -99999  -99999  -99999      25  -99999  -99999  -99999      98     -22     -17       4  -99999
  15000   13790   13795    2090  -99999    3594  -99999  -99999  -99999  -99999      11  -99999  -99999  -99999      59  -99999     -10  -99999  -99999
#USM00072469 1948 10 18 21 9999    8    470-99999-99999-99999-99999-99999 62355  2470 56273  3263-99999-99999-99999-99999     6-99999-99999-99999-99999-99999
  84100    1655    1655    2938     -93    3087       6    2943    3092    3896   24353     160  -99999     -13       0       8     -50      42     239
  70000    3190    3194    2796     -68    3096      34    2798    3098    1350    9643     140  -99999      11      13      21      15     -21     201
  50000    5850    5853    2614     -63    3186      43    2614    3187     423    2489     170  -99999      12      69      53     -40       7     151
  40000    7520    7522    2508     -81    3258      22    2508    3259     194    1022     190  -99999      15     158      21     -28      14     125
  30000    9560    9561    2342     -85    3303      19    2342    3304      46     211     220  -99999  -99999     200      41       0       0     100
  25000   10780   10782    2238     -55    3326      66  -99999  -99999  -99999      69  -99999  -99999  -99999     250      -7       0       0  -99999
  20000   12210   12216    2160     -31    3421     111  -99999  -99999  -99999      27  -99999  -99999  -99999     240       6       0       0  -99999
  15000   14000   14005    2105  -99999    3620  -99999  -99999  -99999  -99999      14  -99999  -99999  -99999     250  -99999       0  -99999  -99999
#USM00072469 1948 10 19 09 9999    7    496 70000  1395    46-99999-99999 63875  2135 79672   421-99999-99999-99999-99999    12-99999-99999-99999-99999-99999
  84000    1655    1655    2744      33    2884     147    2750    2890    5218    6690     780  -99999    -466       0      -7      40      14     263
  70000    3050    3131    2790     -78    3089      22    2791    3091    1203    9252     130  -99999       4     -10      16      59     -13     200
  50000    5690    5695    2583     -83    3148      18    2583    3149     271    1935     140  -99999      91      31       5      26     -12     152
  40000    7340    7332    2446     -80    3178      24    2446    3178     169     583     290  -99999  -99999      39      16       7      -4     128
  30000    9330    9332    2287     -74    3226      33  -99999  -99999  -99999     118  -99999  -99999  -99999      70       0       0       0  -99999
  25000   10526   10526    2198     -36    3266      94  -99999  -99999  -99999      43  -99999  -99999  -99999      70      27       0      13  -99999
  20000   11944   11944    2147  -99999    3400  -99999  -99999  -99999  -99999      23  -99999  -99999  -99999     108  -99999      19  -99999  -99999
#USM00072469 1948 10 19 15 9999    4    454-99999-99999-99999-99999-99999 63947  2205 68252  1648-99999-99999-99999-99999    11-99999-99999-99999-99999-99999
  83900    1655    1655    2810     -16    2954      88    2815    2959    4036   10620     380  -99999    -156       7     -22      19       8     251
  70000    3130    3138    2786     -74    3084      28    2788    3087    1350    8998     150  -99999      -8     -26      -5      31     -12     202
  50000    5780    5776    2590     -75    3157      29    2590    3158     266    2050     130  -99999       0     -40      12       0      21     151
  40000    7430    7431    2467  -99999    3205  -99999    2467    3205      92     707     130  -99999  -99999     -20  -99999      35  -99999     126
#USM00072469 1948 10 19 21 9999    8    931-99999-99999-99999-99999-99999 64989  2063 66396  1889-99999-99999-99999-99999     3-99999-99999-99999-99999-99999
  83700    1655    1655    2882     -74    3032      27    2889    3040    5989   17112     350  -99999      -7      19     -18      -7      18     252
  70000    3120    3134    2774     -70    3071      32    2778    3076    2814    8275     340  -99999     151      -7     -26      19       3     210
  50000    5770    5760    2588     -71    3155      33    2590    3158    1492    2016     740  -99999    -224     -75      19      27      -1     158
  40000    7420    7422    2471     -81    3210      22    2471    3211     271     734     370  -99999  -99999     -43       4      25      18     127
  30000    9430    9431    2308     -81    3255      24  -99999  -99999  -99999     148  -99999  -99999  -99999     -35     -60      61     -35  -99999
  25000   10640   10635    2210     -27    3284     110  -99999  -99999  -99999      50  -99999  -99999  -99999    -108      65      19      -4  -99999
  20000   12060   12071    2172     -20    3440     128  -99999  -99999  -99999      32  -99999  -99999  -99999     -15       8      13      -7  -99999
  15000   13870   13873    2135  -99999    3671  -99999  -99999  -99999  -99999      20  -99999  -99999  -99999       0  -99999       0  -99999  -99999
#USM00072469 1948 10 20 03 9999    6 -99999-99999-99999-99999-99999-99999 62360  2341 72003  1202-99999-99999-99999-99999     6-99999-99999-99999-99999-99999
  83500    1655    1655    2832     -21    2981      86    2840    2990    6284   12322     510  -99999    -114       0       0       0      -7     258
  70000    3060    3109    2802     -75    3102      27    2807    3108    3517   10050     350  -99999  -99999       0     -10     -10       9     211
  50000    5720    5721    2603     -71    3173      33  -99999  -99999  -99999    2278  -99999  -99999  -99999     -26      47      15     -27  -99999
  40000    7380    7381    2485     -76    3228      30    2485    3229     200     833     240  -99999      30      52     -38     -30     -18     126
  30000    9400    9407    2332     -86    3289      16    2332    3290      57     190     300  -99999  -99999     -24       8     -66     -11     100
  25000   10620   10616    2227  -99999    3309  -99999  -99999  -99999  -99999      61  -99999  -99999  -99999     -14  -99999     -79  -99999  -99999